12170 
12173 
12176 
12179 
12182 
12185 
12188 
12191 
12194 
12197 
12200 
12203 
12206 
12209 
12212 
12215 
12218 
12221 
12224 
12227 
12230 
12233 
12236 
12239 
12242 
12245 
12248 
12251 
12254 
12257 
12260 
12263 
12266 
12269 
12272 
12275 
12278 
12281 
12284 
12287 
12290 
12293 
12296 
12299 
12302 
12305 
12308 
12311 
12314 
12317 
12320 
12323 
12326 
12329 
12332 
12335 
12338 
12341 
12344 
12347 
12350 
12353 
12356 
12170 
12173 
12176 
12179 
12182 
12185 
12188 
12191 
12194 
12197 
12200 
12203 
12206 
12209 
12212 
12215 
12218 
12221 
12224 
12227 
12230 
12233 
12236 
12239 
12242 
12245 
12248 
12251 
12170 
12173 
12176 
12179 
12182 
12185 
12188 
12191 
12194 
12197 
12200 
12203 
12206 
12209 
12212 
12215 
12218 
12359 
12362 
12365 
12368 
12371 
12374 
12377 
12380 
12383 
12386 
12389 
12392 
12395 
12398 
